TIC tpeak
173437307 1499.5267933489608
238285409 1507.2112239550863
50839087 1498.4024973987957
403671635 1507.8414073869883
127139936 1512.9500231768855
177311330 1499.842042990932
419316570 1497.6490392717467
132373277 1511.8574057890878
145174124 1497.0514086971752
266361604 1508.241015327908
437229439 1497.999990815268
349203127 1499.5774386687203
340695106 1497.752321249492
56023161 1498.082092081196
14562244 1513.5844650353927
270577939 1499.9356036685901
278685029 1498.1335815011462
150031040 1508.8425208977576
168940645 1499.0595662095084
320967203 1512.7229377524673
130797667 1509.1510906539845
170103787 1513.761493089482
176044862 1512.247839953891
300142462 1507.5218439260311
131474221 1510.7223154955686
422142895 1499.2459692459392
332080139 1510.6168668625983
751402620 1499.2425373784397
267834151 1497.5203281415706
78570065 1509.8850361631214
81939982 1507.0875351637599
25788281 1500.878537216894
122996547 1510.0392107224122
133338012 1513.230581742286
318843411 1513.469442347235
412451723 1499.3527271275348
68203748 1513.9976533849438
169055908 1497.834400280818
154836073 1510.8694986623002
284649858 1498.298505227211
109830532 1500.4512810609954
178441612 1498.2355740195858
187518979 1498.869604349966
145397967 1509.8570635662354
99514673 1498.0200374842952
262497355 1511.85810063618
823813352 1511.6310538873845
453144111 1512.3588603257588
349790377 1497.5953958068997
23547884 1497.28558747133
268871846 1510.9483871540654
269067610 1497.120568817399
80040823 1507.4772468020951
238288486 1513.8699269072597
125348456 1508.323281000638
143334398 1498.358271141581
59764588 1498.1323188620931
237930207 1499.806726733115
130953266 1509.6108941114676
265129855 1513.0154152372793
139335462 1510.250159535357
260078231 1498.7800894016605
409462766 1497.0718469771123
317584832 1513.7663214361114
78669627 1508.1501965064754
109827865 1499.8388887871924
63579500 1498.190641559559
32252041 1513.9977083822375
66241360 1507.4294323995382
176957181 1511.38589007294
169906770 1508.0562187591875
155122795 1513.1646616628034
187659645 1507.240154370038
456704946 1507.8591889555419
55401681 1498.7325341057249
142289788 1511.1827744143554
147255182 1506.7491005277698
382148025 1497.564965033264
153992453 1500.159468903625
127892810 1510.0469438926934
52749768 1501.0946222487303
143393816 1500.7886252647065
53603608 1509.1883213674564
271038600 1513.0517733742693
207333261 1511.3761499333432
130371556 1496.7362955162998
143919581 1507.4338616503817
78739977 1507.5238772557002
51249103 1499.905613888428
268779667 1497.3528948070746
265044242 1508.739168860748
350142438 1510.9447751892487
56238196 1512.4313721459205
106619929 1510.329379139345
292535760 1510.3122339930087
79802066 1510.1108216710388
145976347 1510.2661235264143
319433175 1500.8850156795875
339857675 1513.8984456708945
440765933 1508.4136953671953
150361513 1511.5603534413785
170104166 1509.0886623242232
172194727 1509.867358729292
142623714 1499.8227595068481
79877118 1512.3689188742178
265238398 1511.133558978213
149348502 1500.4314190783343
152489870 1497.9530883155135
350145858 1507.6267958667174
237947100 1508.4264199984445
271303515 1512.887937941627
257071723 1508.2716930150057
167694457 1509.9151318259937
177853595 1497.1424941611542
292184004 1499.4243705392057
126268578 1511.5165602346997
65401723 1510.1495011106667
65800172 1497.4179201159757
320656677 1513.5735924681615
52276037 1513.695778380734
123881925 1511.3002898378588
54228130 1497.1315230311948
267334166 1507.619590633394
339862577 1497.6442612683559
745311816 1507.9058007854142
79855057 1498.3991470934334
140273192 1512.3747124950025
168337487 1499.810472805921
339674804 1506.9556472847726
437132432 1497.152947597645
19382989 1512.9181337489254
146914476 1497.6873534775073
60081998 1497.3421624302182
130473059 1498.5840239224603
154680129 1510.7515355810715
175679360 1513.4974742435465
80921051 1497.1989894759338
255570101 1513.6193392601338
238917058 1499.2653031947702
218592258 1497.9382761272989
393481582 1513.4900874254506
127745065 1497.4657032254818
63946852 1500.6970240057872
52387067 1496.868358897432
156920184 1511.307129197051
320343876 1499.5317973050737
308450612 1510.2788531566646
369521499 1509.3983798325783
231460312 1509.8801479923434
389876631 1509.1960373354318
175011728 1507.3247149655265
52002889 1498.3615012703656
405162590 1498.3782853999016
19521403 1511.7807949821124
319011986 1497.8191084684784
141123114 1500.388996134395
274140111 1512.0269158416352
130265052 1513.6575503321203
409594459 1508.3456969804506
375055982 1510.8608868575695
265209243 1512.7186397622918
139785294 1507.9336718795682
238083309 1507.5313869750626
284837809 1513.5100807691695
151423714 1500.9553921158902
270624639 1497.8837308532784
268300227 1497.1530317381118
452841070 1500.5022288947089
147973466 1512.8475541072646
123825746 1513.6971722304913
218592692 1500.1936229911132
96580744 1509.883881595776
453141395 1512.4651565747888
126439758 1510.490277232189
52541962 1497.1088312757315
111153075 1499.8939268634726
279574738 1498.5101568647854
130295938 1511.293783206062
358179986 1507.0947167429824
31775005 1500.7779452226043
97648726 1513.2734617205642
93514750 1507.7172333554415
17817105 1511.365339512118
94045791 1498.9777817879624
19572845 1514.0415474302106
175976513 1512.3405943224768
126527451 1500.1039635183963
140599144 1499.9538380148433
36703164 1512.970810451284
168596714 1496.955048432642
139853278 1500.932969658813
153849414 1507.2071425882043
231951353 1510.8333555522543
56468975 1498.6176118128815
50371601 1506.6013566957358
348240715 1496.9587998494635
170310294 1497.8433516158132
126106135 1509.0468686601316
112067295 1511.8489032333835
409541135 1497.2506478203418
52978855 1496.7977581439497
289257769 1511.2234826683527
32068698 1498.8378579024206
79561040 1497.0794448744268
52638833 1498.0269442090373
409204887 1498.1425514822013
38762502 1500.1016180276554
452958851 1512.5399740657904
412674214 1507.6261808259976
432000909 1510.8378894645223
455242046 1508.159703171096
107345399 1511.859696956044
54698769 1497.728936159223
363914589 1498.0134837533421
452931247 1500.7585457205903
259362046 1499.068242666545
147314598 1497.2469923962954
109567288 1506.7065416322455
36475676 1509.9759412790731
334248441 1500.8437875419838
65580534 1513.5464751153556
150186020 1511.2435611289122
132091058 1509.1407731677848
350028196 1508.715532960764
49086146 1511.4084861055812
271722296 1499.5380932591147
129097120 1509.869900964077
182097206 1498.053518719102
64698372 1511.665872631025
264480275 1513.0422157317694
35964733 1512.630341651611
269249591 1513.2174669001981
170159346 1499.2137440343652
178117949 1510.4052976795206
80287296 1509.61465580601
234411056 1509.9391677174794
160304260 1510.5653693976403
153841554 1508.3071173734177
255568978 1498.6499737498987
387343207 1513.6894415904267
100297610 1507.588263538634
125350732 1511.2935978633852
290779119 1508.3032046294911
379927435 1508.0088567438654
453188665 1508.929477856185
64812851 1513.4843245790646
260994190 1500.3712751021937
123748076 1500.3938464310475
52220642 1514.055108181675
153654425 1511.1221183174587
453146124 1507.6955995186786
56242963 1513.6966225779781
306484075 1497.8044101027226
123703817 1509.4504779112513
284841825 1512.4436975813037
178409159 1500.608685412164
80036370 1512.6200448844727
143789851 1509.9368911928498
270425072 1500.017905316419
142543385 1500.06872184765
65066172 1511.5734061629485
266894050 1512.202101167801
124940008 1510.910871016711
178124696 1507.3049194128298
168594992 1500.2489261598412
318664069 1499.501227728189
31930988 1496.8261971993097
259152202 1507.7574543106207
279092536 1511.5796456711796
421052451 1512.4229386608883
455216139 1513.454050969943
140870571 1496.693241543373
107343896 1497.9518501675195
174539396 1506.7896024078054
145631889 1500.852176885769
257302552 1510.7125999097382
36085834 1513.0710516737504
124004332 1509.3403057844228
41339113 1500.5653558619956
295152872 1497.18210418052
143844572 1509.2903056189982
17816214 1510.8789729629589
147287838 1508.2868972629092
783837086 1512.9217497957522
300031843 1496.878259825021
412380758 1497.3064339533432
73187162 1513.174396673083
51154908 1497.0369898939625
141261942 1496.9777660200052
127139762 1507.0983519702102
80468602 1511.7180547741375
133688526 1511.8225207428586
271387134 1510.2406027679372
178546987 1513.6490084204459
79869310 1508.637800935005
80642050 1509.5701882483202
430421212 1510.4412489660672
36235497 1508.569976891484
268771978 1499.7466173984058
296652527 1498.0413798358525
80455093 1512.8108610862662
123101354 1508.3603785085893
78956352 1508.0748524804872
142019221 1512.1485443894728
157007344 1509.4883410100283
145169707 1512.3138981106808
36700708 1498.6527792912839
139718011 1500.6995902768033
65943458 1511.1405097526883
187562221 1507.5273443092408
79294699 1512.9706642099177
334459532 1513.7777670435962
148996249 1510.430438425567
320413718 1498.0924787252816
334482199 1500.6282748025706
19349014 1499.0093377796509
143589917 1513.3850036550912
94323459 1513.34235075843
409788604 1510.3770391115977
156265271 1512.7634821458266
145334738 1498.8457978731788
156181480 1511.0027784585054
437110804 1499.6447423974173
117736873 1499.4745681652844
109922715 1510.0372008858742
349413432 1498.936964425762
167694522 1510.6374385362205
97708931 1498.4687437546297
341486162 1497.1232636629616
129363784 1496.743415342209
340319192 1497.4806958294698
280433003 1512.5510690504213
320810183 1510.4424209939327
375092536 1498.7163151076697
144686495 1513.9737644523238
142293362 1496.9009191568007
124921947 1497.8815963857926
80658169 1500.9759676339872
130333055 1501.1543230089544
318654859 1513.1252759396182
453206034 1513.3425865390404
269249107 1497.6880753633486
174212707 1513.4062970249674
284551009 1511.000829396009
177330520 1513.7906033645181
153042701 1508.8276062257132
260306387 1507.99331198318
284288570 1508.3277144315548
96984796 1509.1794770395234
339956282 1506.5537761979226
152156030 1512.5695074886228
419494855 1498.183484735432
262537639 1508.6015735023173
294155045 1508.7778741595241
346889028 1499.634128552711
125010055 1497.908745076358
25993996 1513.154486303606
62079025 1510.3537332614528
73410999 1509.1201046498338
142975215 1507.2304429639612
150361862 1511.109575371258
80263063 1508.4392454434917
291869584 1498.1562432862415
130617398 1497.3068741608372
36091318 1512.1674023376954
23458675 1498.7625746771234
130872051 1508.9606430813267
50645089 1508.19830957397
64969749 1511.2736804603553
187713141 1498.4087293956443
177330736 1513.4699820875999
421004471 1512.7578434638567
172198497 1510.0341479985857
169968165 1511.744964389713
62000629 1511.3388440324295
142474746 1508.852956071396
272287091 1499.443842874278
113747772 1513.4703091683061
124004420 1508.3815507735897
99154448 1508.7960893974102
63045396 1512.9450695386643
67938660 1500.373944891675
64848029 1506.7636360540173
319039853 1508.647633819399
94512399 1513.365939202553
95418008 1497.4036091997095
156808428 1509.7579198857748
231072702 1509.1470879238052
165121204 1507.4277918012963
148657965 1499.336121358373
218790395 1500.9547024028773
292642120 1499.3878628260584
412776723 1507.5587393823373
355452378 1508.1233192430188
156579145 1510.912883251394
97840740 1507.5598758411975
125129959 1499.2289339501165
387338655 1506.4793543279584
170262321 1509.5277117072242
290779085 1508.5767446012771
97352587 1510.5524000623277
173821821 1513.697356716848
295073423 1499.7372017591504
128221778 1498.8298630197305
292834374 1513.1783964419972
263997599 1508.4200394206034
121318409 1500.1092734881995
48651895 1501.0414182716409
50835312 1508.6701760919034
66189931 1498.8741801484102
272286795 1507.5413240024761
140462346 1513.564947029879
64295926 1509.0303087972643
125297324 1498.028717725782
149932785 1513.9520031993848
72982887 1510.7318184808075
143444487 1506.6976610343122
396732488 1506.7720590700994
287326094 1506.7548098633104
81709964 1496.8627706591744
348957133 1507.6756982583863
817226928 1513.8714936663803
48754143 1510.6300551878621
178665132 1513.725049422402
80267461 1506.9474717918363
153597447 1513.2184284282391
267677647 1508.4684155391917
405214372 1498.2589786065487
152408413 1498.4617959272348
176875702 1497.624497196386
284845055 1512.2334273595986
299651937 1509.0924506544263
453191653 1510.8983903180322
261087850 1497.6243882509234
64670022 1509.946787131729
154615329 1500.5676491327163
219214141 1510.171306004772
130792292 1501.2528594924465
98483394 1510.7727595757128
175258304 1511.1061282870567
60419573 1513.5604211170776
142974263 1499.8752692560377
218433344 1500.2864196849494
156987549 1512.4336746132144
128897600 1511.1020133651348
271906844 1497.5164372993277
372851579 1510.9526555140396
382579050 1511.8394216620916
62002650 1497.2909855941823
175384723 1509.5392524594804
749778132 1507.5907446567526
358548830 1511.1328906596
49839444 1507.8199538861045
73301021 1510.0978426496638
293912226 1513.0246616916481
141913211 1507.1867287145365
437189896 1510.9425691799452
280614742 1500.3400942603325
308306644 1512.8939677190701
409543981 1507.2016225684283
150465603 1508.0960210811304
238442402 1513.9903230332973
54642142 1498.3080862886247
80139464 1509.6240858350814
94518087 1511.3645747881667
281427404 1499.5679689882168
393125936 1498.4614359002871
59969579 1507.2658010344494
174871422 1498.1325597901432
177690810 1512.2859564945918
294668207 1507.6822383217498
412517083 1499.893051283649
418894427 1499.1166277506704
79926395 1500.1650199430871
133253965 1497.539932091133
437161874 1500.3016807769804
140388290 1510.157816822381
167694473 1510.305786540868
167793718 1510.5049870494208
268863997 1499.1228556230947
279219675 1508.4911172897205
125243770 1497.021646399281
174316408 1513.8737499084623
114112565 1512.851010541994
97355160 1498.6783190336237
319242189 1512.180905544825
350478353 1508.011004995455
93962745 1511.4565482417447
452847155 1496.8228268812297
187719001 1512.7900297371868
237927839 1498.7268295560082
14446912 1511.7717937263258
167007241 1497.70286982871
130440994 1511.4190624039227
155720424 1506.9570573850688
154534916 1512.9096604458036
23295551 1498.1447833347645
148183765 1513.8241085188529
341412446 1497.6625567595227
238291526 1498.1916153587133
112319089 1499.1971898816919
238920616 1510.4756613367338
59763483 1512.4876014241784
264472233 1507.2208429144991
144416476 1498.0674550604956
178158676 1506.7024555434348
268873801 1499.4690053833945
334515239 1511.7587273810057
93958048 1510.0483277041214
259066266 1498.0086397618725
172078406 1498.6664982355742
38939477 1499.426836139093
147119978 1507.3240653408714
170087771 1500.1318556374936
294392666 1508.2132269176557
412393542 1511.0475770153641
306939091 1497.7311499053358
144534269 1500.584006957067
332309160 1511.8839868940067
114302999 1510.2558959947414
33363184 1511.0808380919002
279250362 1512.428856110398
155729366 1500.809101077909
141185995 1500.7857369854773
23165726 1509.992860830695
141126830 1507.0020220576916
65802958 1511.5824674806217
422072322 1501.2750556661838
419027258 1500.7143809279005
65058362 1499.3376182285679
106496339 1513.2341908399883
349522994 1498.7957371868456
172361093 1500.094250422363
114737424 1500.5094329992023
47588135 1498.3979079642313
174314283 1512.4064734297874
80650820 1499.9663236501578
145866701 1506.6210382521465
109395985 1510.1011138594736
65814586 1500.9139436871135
150274591 1513.1095061488875
154370671 1507.352343135558
172306476 1498.137799323863
73190331 1510.9251124356588
173825209 1509.383971919825
831972450 1499.652552284374
443954337 1508.5918552117182
151625303 1510.8416672618962
155964102 1508.9112772791766
148180908 1497.1897750679998
280001176 1509.741653710159
36562488 1512.5587232873086
293381105 1509.986409518137
296075418 1508.5469219417264
177125578 1497.1375347981775
96313671 1513.7483264205714
81544813 1508.3597420605806
178651320 1500.798803489613
148741456 1512.712099788349
285917703 1496.8189876626047
110713942 1497.279677467457
177514356 1498.3243318604816
380032626 1507.6961368109387
172598832 1509.5681425750056
293221625 1510.2395726371628
50100436 1498.9043940673046
288474268 1508.120017178061
141412962 1512.3440312895623
123443167 1500.766340714466
36467372 1497.0854198849643
268500522 1508.072813785479
155489904 1509.1384090309043
452822211 1510.9094928779004
381950615 1508.5099554166254
126858164 1511.0920478887078
267676343 1497.723026896242
278777880 1496.7042779675317
63484642 1508.6044145384635
156404152 1498.3031775666504
284228280 1513.304759497676
455140408 1507.9298222525513
31479552 1513.4886722142621
153650089 1497.7464265661642
146699732 1498.611486279204
141976620 1499.7476221931995
112605071 1511.0732785343994
388019035 1508.299370077404
49251850 1497.7902016795856
55776660 1507.0997160786872
278989902 1513.1285965646916
349569358 1508.0765469596975
55672364 1497.1089257246172
155036223 1513.9444839777364
30727977 1498.5047249612965
149933288 1498.9117361412736
334253695 1511.792152143583
421130546 1508.4613891808851
306507619 1498.9054236365218
19689697 1513.3794629627112
110606590 1497.4443025498213
125593414 1499.2794932625618
93597941 1511.5503033614932
231491816 1512.1520195893113
364301834 1499.9963329453446
348843537 1510.3830143041027
131103673 1500.952133380876
151267228 1496.8076997944895
257168296 1509.948252473802
80990594 1499.885140907526
172626825 1512.7178758126827
26047251 1512.3950148357683
64970149 1511.5296005226073
149444017 1508.1467763127566
19764135 1500.65926382941
52689822 1510.5281488551827
443911893 1513.636588487361
284029381 1510.6372618577345
78446628 1513.954097042909
125890780 1509.7085433903844
300011294 1509.3018398631943
144869674 1509.4445640237075
88626973 1508.1415599350364
177335995 1498.0100705334069
88793196 1510.6551279845908
174876382 1511.6921207216897
265043352 1511.3722564004054
172622977 1497.7447373555576
279957309 1496.9185517387589
432012453 1509.2367411527134
52503763 1509.595866600954
156104804 1512.5268254963871
260639305 1507.012385993252
130002402 1498.931592501549
147432819 1507.0392762770496
25080170 1513.1228486960383
177349152 1500.1185319882456
170527860 1500.024843900321
133146376 1497.6199861776822
93950660 1510.2747752138255
108415047 1500.6228000488095
382627018 1513.2020758116757
113838632 1498.0528058496711
291402393 1510.7172592330173
382630979 1497.1006926182067
437181119 1513.6707410485276
280001564 1509.336473020086
30188584 1497.6243065127453
412581044 1498.5977458324166
373918147 1501.1117848173026
125953181 1507.4805225865814
47631999 1513.8541684865625
126586033 1511.286533956514
129018518 1498.395213869206
131573022 1497.57032316922
32082825 1513.6294533442424
110227211 1510.80941761636
332306530 1513.7177919187236
80822653 1508.0758277643981
127413955 1507.9840434649097
62359365 1508.4948317265294
412744320 1513.8302360816929
169665792 1498.3982715109205
440798663 1509.6023879100132
146336787 1510.228958981174
174471266 1507.545417352012
349427260 1510.7014363436876
157008354 1508.7635217341553
80993005 1508.7896491020497
268876123 1499.303083049369
178413811 1497.2977857132717
98283754 1500.6628524307
31929659 1510.6681441336573
443952802 1510.4505660023913
141268704 1498.6168933127587
110119645 1508.666547997759
88795203 1497.6891025618536
100397680 1497.633769368852
153930804 1498.7150478496299
440775569 1508.7954252433385
333938243 1498.129987516944
134749482 1511.6818267890249
106626891 1510.7424930375457
79296686 1507.0386528365868
232025077 1511.105206930589
366620633 1509.1233594005405
167696452 1510.9975033142653
264479406 1512.3556173101304
346993693 1512.9957273770767
141422091 1498.842033336131
407663913 1500.4698198885326
157344195 1499.7836545742707
173000465 1511.810540950512
157457535 1509.282451978136
452842567 1506.8437111230587
54222507 1496.8236121065383
177811086 1499.3177173160234
141510953 1507.3948102160268
125721115 1511.7774385047055
19112056 1510.5999502936222
64783005 1501.2105726870093
148465598 1500.0974684380026
65412974 1513.4519364121784
122986884 1500.108064582128
99507449 1500.1863427007463
94511827 1513.587589212055
141912009 1507.6369237799636
73040574 1498.469623703463
144465650 1506.8625327741022
443896236 1511.9345783505676
67862632 1511.8924514916773
182099250 1507.2052800866636
771424371 1510.8453850120889
143827402 1512.334675506056
270047981 1512.5336687432882
129516959 1512.837216303108
132639011 1511.2193029121963
147430989 1497.577467928267
260984869 1497.261652377965
196284998 1500.7670769637245
81744155 1512.874983310773
146908568 1496.9407066235203
468985703 1507.0858047883683
94045585 1507.0984537967927
770991777 1499.1473296066376
415225878 1498.4111896098466
238566682 1513.001866892706
146693917 1498.5658840670774
177537653 1498.7576035697562
141263183 1511.333956919778
154545326 1512.6396064582773
41530045 1507.3492757232905
78442269 1512.8243787034014
419022298 1509.835441130799
382198193 1513.149749777884
142146835 1498.0999386866665
421077465 1512.61007537912
48755910 1500.909780644749
144356163 1507.6871387252186
735159904 1499.3103974188991
119326200 1509.375384180663
146261159 1499.0876241849994
268123440 1514.0358604052958
389825558 1498.4321075578187
178546033 1497.5131873267428
51252146 1510.0138795292276
158029542 1513.4095916972553
140467112 1501.1327085440137
412265367 1496.9049931264215
65952427 1509.5735937142538
53986829 1498.6798895643392
272085270 1496.8986128880663
125588815 1509.9943619157793
341336764 1509.6749947867818
141089405 1498.2550375906465
80029448 1497.5240122134262
177684389 1497.672207026133
300557956 1498.3188047747979
145277239 1500.1112548281017
54698491 1510.4333826504217
16153145 1507.7484349365811
269903850 1512.637807959067
127900978 1507.155089189958
340354145 1498.1081874306274
145701936 1508.7136343726806
64549218 1497.003109597192
95594599 1498.2033407999538
134543480 1507.307786029387
157343491 1513.2514084026304
110244697 1509.8815721996643
143434099 1498.525724497633
50909372 1511.710553508061
106998558 1506.9032567713593
112598521 1514.00964363585
142293586 1506.6764494481824
177023387 1497.9835371792162
339773576 1506.68340681633
268500316 1506.5659838840293
50835443 1500.5663157330998
437128482 1497.7744410569078
154605401 1513.8468912467258
292842620 1511.2227916455713
62310573 1513.686092296924
220583419 1512.330750842445
318907732 1497.2601962733795
98074683 1511.0936288248463
127080298 1497.4212673497273
14800340 1511.4127358360072
176085057 1512.769103866283
140399926 1500.4721870680553
165211625 1507.827675775159
41229914 1499.0814740323417
279218723 1496.9176162299766
146988555 1498.042939263255
266945368 1511.5617538779918
268693152 1510.348359541074
177980622 1513.7572283329564
141211196 1507.2477642456336
51827422 1512.231083069011
149751010 1508.551959804858
143839686 1513.2100546832894
126102806 1511.8333895646529
187815523 1508.6465066547296
19567103 1514.0638184364095
231383613 1508.7501218283078
55660748 1497.122556996833
51035829 1498.2192155583934
419363641 1513.4863877292157
421072086 1512.8866785242426
41089555 1497.9641744668581
172735927 1498.8988719060144
167206446 1500.133946368403
238545469 1513.142837665487
174427135 1512.8490373462464
271373013 1510.4329477365131
295618931 1498.5188961366148
234418910 1512.459782758341
437088109 1501.018106430184
156992595 1511.0425838381495
66159056 1510.6827508247575
375036176 1512.8250699290475
320418216 1510.0290357724232
139338538 1509.5404129224428
153656820 1511.1464495838238
291465107 1513.4982489056777
445393185 1507.7665690127014
178059287 1498.3214839946347
382065821 1499.5933939026468
319437824 1500.0323323975074
148318395 1497.5997073971887
350930503 1499.2772458876118
31605558 1501.0169351534937
51485278 1498.56095576306
154462550 1509.6355961860286
157129095 1499.4726839429268
32304793 1498.4399083085502
152675606 1497.7517726083695
257301712 1510.281939179453
113384985 1501.212936403018
182317214 1499.141038784239
284840988 1497.870825839359
219164266 1511.2524161077072
154468174 1509.4635032779652
271808281 1499.9221713250122
178665294 1497.7456671333694
331918822 1510.7819106175643
98077775 1508.539083432455
94240789 1513.0980647884958
30855694 1499.8844801317994
48607428 1498.902882506193
97585420 1509.9844240874388
14846809 1507.4482942678883
169967175 1509.6730583576793
129802843 1507.9751160707578
231093347 1499.5247091519605
284132891 1499.7786537675267
124329181 1498.580396678137
153512944 1508.5471356825888
306763153 1497.645161076413
149665640 1500.0599437876294
36704553 1510.6306807101855
178586351 1497.4624013269938
319432895 1509.9959813441872
111492981 1499.1378896854114
55675180 1499.1695867447322
130344885 1498.8739567438981
341194972 1507.8335926987024
98032044 1500.4087140862982
129011593 1510.3194249991502
106407886 1500.1659468662772
64446447 1500.73194739565
259447000 1507.844251750265
96321917 1512.2055122004417
278959207 1512.5328071747088
455137034 1512.1431405330977
234383151 1512.2152547131964
262695846 1508.792326892493
218995417 1499.31269789792
177597191 1507.8710830408882
55772350 1508.4100333820384
64568899 1512.7460408467236
174966983 1514.0072999785737
80917400 1499.872367409571
264574794 1511.833032841803
41173431 1497.469536792604
354829184 1500.0901833176526
425168163 1512.0837696962767
95406035 1498.8254899238855
170583711 1510.6810989960843
445451809 1498.234600674344
349157803 1498.321003347098
443997530 1507.2058124393616
177760946 1510.7913688840551
231090039 1508.469627550939
130882272 1512.5058863726056
52173199 1509.981303244131
369518604 1512.4832324416295
218704824 1500.036786803089
781250786 1499.4924310662127
308454341 1512.8481601908984
317485213 1508.1413908594782
388013945 1496.767335882876
261059769 1500.1163448325503
81286108 1511.8465720451488
49383054 1497.0826900477778
458613066 1513.8462678484018
125176107 1511.045795201404
59734214 1498.9718598595068
134748733 1510.891692467691
54063577 1509.2463505119329
156406119 1497.0116052994451
405161419 1508.6645326466466
109115179 1512.0359888189387
122898887 1499.6068501058878
415151453 1508.7508250942274
96735025 1507.1378129742789
262695888 1511.4007295803747
332087919 1513.6820262466997
421050244 1512.9645713136447
125895546 1510.5430546487767
121322290 1509.6216682107395
437086266 1498.8153622944203
81231241 1498.3169115988371
148179092 1507.4178047609523
53689023 1497.814067672165
340175618 1511.180809246761
292361047 1511.2761833556747
293985030 1512.625381689809
123142656 1499.0858619981022
65580994 1497.175575380809
55478481 1508.8044119432438
139439255 1508.0341850932869
108127280 1513.3898233469301
334143011 1511.2224394164164
238922239 1496.694578083524
374940358 1498.9343460395091
332078876 1510.5325354852307
148460699 1511.4632846262946
48750345 1508.0378542779063
295403874 1507.253953712254
25065455 1497.728830525287
93752661 1500.2649437826085
385664041 1507.130632284876
139334225 1497.7461383431794
124412455 1507.2218050916824
59758945 1507.4225141332915
238136421 1513.9326405793338
280230659 1509.655050399566
247113608 1507.129362558739
350346406 1500.2072891994615
101207980 1500.9230796139932
307629159 1500.515046913766
268578921 1512.2451286906082
734695558 1498.9447364409366
143382115 1497.9766817493567
140465596 1511.4759926344927
382269280 1498.9937277054053
149608302 1499.452227566277
81713663 1513.080472831533
350712585 1500.5007069983083
64665229 1513.499778794142
292533989 1511.80162757664
167809385 1498.3511838209708
170371712 1500.5609138957157
80030626 1497.6041601274283
143476936 1498.9015224719801
36564349 1496.8023845340992
409691022 1511.747489696408
349648097 1510.421657132789
147589844 1507.2495067958066
174962370 1508.6131126130963
130291499 1511.7446792632709
108417755 1508.8859187987362
65661997 1513.738093516017
264768103 1507.844923955582
422128241 1510.6782905764996
349043568 1513.833325203419
152327638 1512.7331993162334
177594385 1508.0367595142504
141023670 1497.1226235587767
268820583 1507.0721070845611
152588156 1510.0840187456367
108575621 1510.110582017932
177849812 1508.7699790111005
66307784 1511.4305054762751
341727195 1510.2683808665047
65808502 1508.3012293769764
129594610 1510.1921332675954
187558699 1508.6673167565418
306939943 1497.7257430162938
140015536 1499.0008798153806
260076882 1497.3604448888218
38469010 1501.1097301608888
151612933 1512.1031006683945
52446779 1508.9974632743758
106418091 1501.0921943972403
289261440 1512.2072531056901
65760412 1498.2835562593948
174138796 1508.263336535242
280367963 1513.4105401844936
456766136 1497.9632371274215
