TIC tpeak
522731503 1501.0025012196418
260373233 1500.420063094915
129168499 1498.7837874537183
259064224 1496.3164962905107
117739731 1495.9957787908438
318834342 1497.3751249732293
264566802 1499.741784627932
265138849 1508.7254167065057
112839918 1495.7429545681846
350858902 1509.6113361531352
268695820 1495.4324837511526
79635074 1508.2313135743586
150394383 1513.9186465386767
155127306 1507.3347668246543
141655643 1497.888999855833
19007263 1510.6709940174972
379954215 1495.653729263722
132931430 1496.4828430203202
396827054 1507.9494223702227
128225092 1514.033801992116
177532380 1513.5844303817648
238633683 1510.90111169419
131467190 1509.8249941513943
156181354 1497.8744281317486
81355333 1498.00815934194
167574207 1499.876715586715
125057444 1494.1819643623633
149750934 1495.7892356485418
98550280 1508.955400519174
234377228 1510.4808842385985
64508758 1496.6874962356183
106743078 1500.4145523299926
340316210 1498.7954104712421
156813535 1510.6376300383074
443894318 1507.131980854544
97055932 1500.7516093270788
285216894 1498.9471917877706
321263387 1509.3693192304206
140946369 1513.8155814989457
145285987 1498.4461044840396
373779556 1494.3166447227777
141976045 1500.6739186883608
107254900 1499.1368753818963
36429415 1507.3371742321078
391746904 1510.91971120736
52802804 1495.4039378629755
59893468 1493.8522504471075
54130142 1496.0619966107433
97926210 1499.7664845323513
753408906 1509.906837529952
156837060 1495.6038743784973
177449987 1506.8991102113189
415046182 1512.1382250952506
182585456 1508.5157344696102
175685960 1511.671126780213
232052990 1513.190632674647
332384524 1499.5215611956398
319243928 1510.0759058063106
68199953 1498.01202962824
94702379 1499.4208531429574
148100563 1498.5281472335942
94587234 1509.1077403552476
176308441 1496.0349974329213
129512011 1511.3792417596771
172198761 1509.3681673413532
68281065 1510.7782693045892
174003610 1508.2834923402706
219206572 1509.0393204248296
128393429 1512.6978837047034
220590740 1494.4449665137624
753616134 1512.6878483310775
56538748 1507.748502886463
274085310 1512.048624763945
61836651 1509.547572928383
66062072 1498.5399986386228
62306347 1496.2984322820735
174747548 1494.0606504197249
143478305 1509.5776517150493
232051575 1507.901094135197
109120242 1510.230046719491
167309408 1498.9261578284702
173133686 1499.7066484048212
452999503 1513.8048150008365
231973282 1509.626812155207
174315925 1500.185559165582
55501863 1499.5707342679657
165151595 1498.3861025636095
19386010 1495.1826266508497
157244030 1500.6528772075687
80924051 1511.4875137416275
49188450 1495.528305007986
81982579 1513.5608509192577
80641789 1498.2369030711054
261258369 1495.4486985686933
143789848 1500.963089920525
238231891 1507.3821081198669
455233880 1496.082060165897
366408990 1498.817503633662
149074576 1508.8397402909966
375089157 1501.0589654367504
255756700 1511.5646460194257
129594758 1508.4071972569184
296352047 1513.9771858472275
31962721 1508.1840403180224
128809169 1510.011056488145
149903444 1501.2017521658363
143474107 1493.7390268781796
349969753 1496.076273223395
331998338 1509.627181928331
143322909 1494.73220964356
174659183 1500.3361662001275
79293542 1509.423540632556
146897700 1495.145516653631
140090939 1497.3706472515253
431982997 1513.5887950522565
23368425 1509.643502141998
187854546 1496.5148182160049
124811683 1494.1920052176947
174147835 1508.7748525112734
31932266 1493.717697682768
110115006 1508.3225696756163
452954946 1500.330292474147
147705508 1494.686649880568
55387578 1495.0318865157944
124875926 1494.612841258355
73236266 1500.5780588681746
53601943 1501.123317267335
264603384 1508.237926851909
176049536 1512.4287880100399
168337240 1513.3032270851677
172410033 1507.4629586426909
238129698 1509.3051546392637
64839872 1496.0138783217526
151002923 1508.908111257315
238375999 1511.6118293452573
109405187 1507.170701724461
151619731 1496.0653640902221
32933356 1498.5110838894645
178735401 1508.0062350078913
125193048 1508.0752813980553
109836739 1500.1867142340243
177351265 1496.793009342724
340483975 1497.3076660551387
81226289 1497.4658332597724
53744519 1500.0933178070893
366632087 1511.7288245746502
344026489 1512.3381136004914
131190906 1508.8995394206534
260607869 1510.668964055398
405105477 1499.357746302578
65545266 1510.9652039984214
128054205 1494.0972132520608
358508284 1494.447258496985
456854796 1498.781739013399
142418012 1513.7372813853485
272128758 1494.35397830526
113936180 1509.1336307992294
22769364 1496.82620830806
291793087 1496.2192276659473
47591616 1508.8509093995583
155043766 1495.4082808893968
36198810 1496.9145650557875
141546245 1498.999414845025
125346296 1507.821916497298
263995122 1498.9571758899722
348599896 1510.3718140099834
409269605 1497.8180740673076
61756192 1513.962791246017
29927204 1507.5206015115734
60150299 1494.9857893137007
269064559 1509.1268224292412
129171920 1494.7699844372523
452901943 1508.9404541193762
231935857 1508.9581419251576
65588842 1510.9343270558095
125901300 1513.8787812806086
231410088 1497.893998234256
107255511 1496.7871722511838
280366780 1512.6518322024276
79293983 1497.4418801133493
63041421 1494.9823023050458
140100833 1500.33880097561
52642090 1495.7842863481458
156535122 1510.5481661512163
237957329 1507.6214810810764
366442834 1494.9928116299961
169106870 1495.1756841507
147097969 1510.7135627083014
109307769 1497.4387461170693
175605585 1507.6486116894541
133698464 1494.2914614991357
444006404 1498.8093733896774
279159497 1512.5238665366612
156882888 1496.7258247931925
124542678 1497.1285509769157
169607163 1495.349114914141
182466729 1495.6324179456192
63048327 1513.0609794359864
264082772 1511.5053591424708
231457580 1494.8027836531785
344141258 1496.4288204272186
141997153 1507.439938013048
182319973 1494.630481900137
173088687 1509.0408095477515
177717223 1498.0428249596214
266808864 1512.1037922695098
238266021 1507.6178696695638
80545588 1497.7377291314108
56243358 1498.3495996055394
177269747 1493.79086075307
348532886 1495.449935932021
350183620 1512.5490394073674
36568691 1497.3064793938022
154839681 1508.122136710814
35164271 1495.5845416591892
81222495 1507.3531619885034
65150793 1512.9148506028332
131635093 1509.3762712860355
237405827 1511.8569323845159
148459642 1510.6701179838674
169015663 1509.1508804784237
284613810 1509.0696775841316
97582049 1496.1167457899494
110905021 1510.4559007939324
403672592 1508.5508771339792
182166500 1510.0527619226712
88795582 1501.0215177913485
151785569 1506.9806472090852
66234987 1508.0796516845548
373917864 1510.6302163506607
238092364 1497.2971057808004
38696355 1508.4734432441126
123755695 1513.54266026378
281221425 1496.873768710811
80266657 1512.0281285811952
238591884 1511.7063392118341
219209017 1510.3596850937367
419094591 1499.468995213332
260189685 1509.7034278725246
268875030 1494.6308163493802
130580138 1494.2806000689209
51102514 1499.2033520584525
14610535 1498.6835167237764
168599665 1495.6885194767826
109319212 1494.4644470036176
412740867 1512.8939209863202
266659483 1497.6350181024288
148502106 1499.051643746307
389874797 1500.463883844084
64439394 1500.2659297991981
151074686 1497.7208992424178
99783093 1507.8427384965514
170007791 1511.2102610850045
122798716 1497.9561048650673
119441278 1494.0281982238398
350763400 1510.9308769281783
127260097 1496.4731501316344
30528156 1508.7610231522274
142711033 1495.0386602682258
349205043 1513.0395212861029
266439981 1494.7103194447866
156842108 1512.4254059266846
97353720 1496.4581008718621
124101993 1509.0100233028352
139342000 1499.393875573837
173508848 1512.2851123871444
129369674 1494.4852367479334
55490715 1507.5028255347809
79683927 1508.3891866244032
405045870 1496.8350601028144
234414435 1509.0608268533686
318655548 1509.6259343341358
152080950 1495.4886400588207
452357269 1512.1674477168003
51341943 1495.5271272527489
271999852 1495.880443415991
309758128 1513.766042954077
94405042 1512.7535530178377
149424038 1501.0902934869964
178739835 1495.317640670406
18915885 1512.7394133190473
174476192 1495.601288252125
306944572 1496.952272621886
284552430 1509.8866995680214
178151510 1499.617131349773
281632490 1496.1045480993273
132085591 1510.3028644961769
25132465 1497.4907233447657
93853127 1497.608078050925
128578715 1510.0469098949886
317772258 1507.0825723364912
53123110 1497.8059781302711
409689736 1509.6417861676557
64721762 1499.9154077822218
347267866 1508.9431626935243
333809991 1509.1370720895409
267390665 1500.8915727414544
54705335 1498.6323733264692
142049787 1497.3329773754165
431877175 1499.579949787117
412742254 1512.5333902410284
443822238 1499.0992132679708
347101003 1512.3667650752916
147705072 1497.2645648305843
278023144 1495.0546874289914
145330718 1512.671065068957
264986815 1507.6603114198988
279055706 1513.799265996523
109055837 1509.9429927334093
29826422 1508.1536978148426
291554298 1499.6112794691442
803488491 1494.3989710492185
177216839 1494.77267535362
350655761 1500.8740055019623
272232918 1497.8672656625647
260353710 1494.5630191963069
150062527 1499.5075155859931
835694193 1494.4927707736863
260849398 1498.2802405093864
169057475 1508.334922410954
141469941 1499.6900730953407
349890352 1498.2986955426172
66094884 1495.6532321170505
129512129 1497.385553613651
125639056 1499.3647900124383
272126744 1496.4878084655447
56390159 1499.7134505082556
21273460 1499.7818442425648
144054246 1509.7658114090982
63431439 1512.7454323662596
101210302 1509.2994485260601
431842456 1507.9110111817479
123257349 1508.0326529378601
130513212 1498.4568676986735
112725274 1512.732998336695
234393972 1512.3700760470826
111863476 1510.2066530668358
268973404 1498.8885131933912
126102954 1507.6604995802825
348293740 1497.7202146581049
64538632 1512.9581517797337
306777861 1499.4806954991811
319434246 1507.8710039336972
178061623 1507.165994255389
88866954 1496.5000102957908
55492795 1495.3285804026964
126778029 1512.9221886719804
290655355 1498.8391834308202
61841728 1498.3918838935513
127981626 1500.877893467582
21273639 1494.8211433809429
341041266 1495.7023003678905
425083301 1512.34149514165
48955303 1513.7836886709442
141785991 1512.3907924299003
269903953 1507.4768003295985
129094403 1495.410755294122
52169147 1496.4127112186588
156478164 1511.8731142593565
234454452 1509.1187953557596
334061312 1507.8084509050566
23093161 1508.1668099746234
94891195 1513.0494998637348
139713208 1511.5790663090131
143593971 1509.0868844990803
140880572 1512.4181219775028
167797285 1498.326263145813
178254185 1508.677605036112
445392877 1499.856001119754
231080182 1497.1479714044185
79929595 1494.216530756721
419082946 1496.500113611179
64785184 1513.9780327511378
187660501 1496.3141808379778
168334316 1498.3264788957931
453001711 1495.5829124622378
769402379 1511.1413450420655
142125029 1497.1949728158063
409465161 1494.0379591303026
238086116 1511.2364237672641
80913339 1496.0736562815352
157046949 1509.7195206807785
259164300 1496.9474154309803
389665718 1498.2011507863524
97163632 1509.244277828885
260239436 1510.2763241703185
148487217 1499.3298074458362
177355194 1497.5460393342562
268987126 1495.586785961783
284653612 1499.0344347520327
468992706 1500.3546696421045
148989281 1512.0027200366421
349332629 1509.3565962997097
126032779 1494.5476854097794
237386794 1512.1969613006877
156113030 1511.312563242913
318221425 1498.3906692199305
146694944 1500.9912160501183
318042812 1494.6667382978853
288902252 1497.6232724185625
776345276 1498.484634062702
277317412 1512.1418384052147
154169301 1511.4009689590646
271698614 1512.1253624385315
293225913 1511.9589723674685
170305723 1496.707955482219
78386355 1499.9204626108144
238565462 1493.8195875695667
141921235 1510.0192644997626
173510694 1500.0269524674713
177976026 1494.721776082109
269399830 1510.7368942434186
141103001 1498.838660556488
176249072 1496.2883476076345
751147765 1493.9971964765386
27547325 1511.6229653830658
148405777 1508.1717551511865
143832191 1501.1571167184757
455245670 1494.533258812572
264080410 1495.0927201286966
231955897 1495.699163872424
281575796 1496.9421610431048
172367292 1499.4565210881915
59729118 1497.0717493226648
292836248 1494.1524065585081
156325804 1499.789423056847
382068685 1498.7615507163675
295962092 1507.5707930401018
364423912 1507.6413750233312
177278876 1509.003907651187
129166607 1511.8485825015885
147631420 1507.2522096976115
140894656 1499.2546112520113
339768580 1506.9086555397057
147948704 1498.387436827781
52868796 1494.811485583994
374997078 1496.1920015190974
409825903 1494.057004489514
170217038 1509.6462662185234
111495503 1493.7927525921102
266547915 1512.2253039605446
108048255 1511.901880033971
114650794 1495.9625279545453
176253519 1495.9110851520536
341620355 1496.2974240502413
148720689 1507.4462229771875
237972911 1496.9997760483686
167754733 1497.9645312624398
167305955 1513.320601947301
154083473 1497.0240467009626
147378997 1494.956463629138
150131761 1510.1837135861006
142695131 1501.1536121787356
219168132 1513.4849517830244
319155355 1498.2831494282334
168271102 1494.4025314592755
142085212 1500.3860666395249
331996888 1495.9080201795448
260266539 1510.7405401177411
107161764 1494.4314467833492
262423390 1507.734339676461
306479227 1507.2230168887493
153265396 1513.9759245920143
53562936 1507.1187242988199
63048234 1496.2264271012307
382156565 1501.0572189734714
271117160 1496.9291384195744
94697669 1507.6554454108466
388083763 1500.1851398527715
231939314 1498.468810411191
341723854 1500.9818757384508
55480936 1498.9175480855604
110110096 1513.6318630483418
169773881 1495.613988164422
387338754 1499.2430872880243
141823511 1499.3667419656344
124644823 1508.265136509528
153194994 1494.5813884511983
153266683 1501.0497139828701
339960147 1495.4924376030995
231948779 1499.3873289781857
262293910 1512.2382174903296
14902530 1500.3760055633845
409737669 1495.2820516341721
73413706 1498.7884499093923
129267091 1494.196365193188
32052330 1513.408459466346
453000509 1509.8326574736814
260420397 1513.7614594044721
117771649 1511.1560529099713
382572739 1496.1768541199567
130418421 1512.0632993401737
156062774 1507.065685812854
126589749 1513.7073505323826
333808665 1496.0951245015733
49313582 1496.6307247751315
53750276 1500.1959961492482
35838684 1495.2779856378438
294982780 1509.8426438560994
95665462 1494.1766990957963
96437936 1499.2137806786084
182096661 1511.144476750438
63118592 1512.7636460574558
431798176 1497.8625515914748
47594004 1510.248950144814
172780052 1510.7013020401332
238915285 1497.7178182655834
151420824 1500.9107094533554
65070555 1510.595517223576
156397113 1494.6047871591566
59892150 1510.6517126896958
142412023 1496.2512073216997
177163224 1494.1318848787969
334345975 1510.0938053480663
97703030 1512.1779249590727
773589882 1511.0918505655477
177721777 1507.4604156704825
151010347 1512.097766056323
280225697 1497.3449292467292
278269291 1498.4243436221723
119522166 1496.9217723634374
66150988 1507.576866633423
88760824 1511.78383491472
157001469 1511.5421043358008
391894036 1496.2277338931772
293006004 1510.9451384069991
306533760 1494.4415805984743
318659434 1499.7987173130477
409734828 1509.9527109199144
346996982 1500.986942283283
123134060 1500.5168881788047
94234613 1511.6624665871043
753239185 1499.3651740682578
170434930 1512.2246697590842
100207077 1508.791489059111
36562169 1495.4775690951647
100200771 1499.447231200872
51190566 1508.5073915675669
98159436 1511.8798382437049
29629837 1494.5044420010463
770851828 1497.4631687977887
35489057 1508.4183133947988
182220613 1509.879354443664
444000733 1512.872983027589
307074786 1496.6627230867277
262396026 1507.7751347869798
339672460 1497.191870159505
177328361 1508.7018111164405
269907361 1499.3133136531847
150079390 1507.801754592892
172522471 1498.1595758442304
33195230 1497.3450422684562
339634235 1511.6477537223584
114014940 1510.3741061249932
64204874 1511.300176930136
437147737 1499.636415438512
134529681 1495.045107904314
127325464 1495.7577241714166
41233062 1513.850501791935
268867310 1510.2677727574949
113023596 1508.085690690824
264750213 1511.1416402601558
440823611 1512.0116628735866
752532964 1506.814452488126
307554536 1496.3291967221837
146895055 1513.6221640592346
247162019 1508.0716450887555
73295304 1499.9946114365853
49386024 1498.7211115107095
187602308 1494.5551828752148
94235281 1500.2388830492712
235052847 1498.6306057568777
178130776 1509.5443598955528
48609355 1513.1893071891127
167167081 1500.456751657418
140576771 1507.775581509285
149520215 1499.3855985751015
147899731 1496.1440050998333
19940590 1496.7250769790176
93599356 1496.7579186730497
437089183 1511.0552436633157
280677834 1497.6033806431983
141506956 1507.7557160068636
150272942 1507.1717957227652
123440707 1497.184803764312
231340304 1498.3102724054256
346805357 1513.3460062034155
269069385 1494.7158176491455
54484719 1513.2114825051735
50896451 1513.51328160441
279219314 1509.0157218709207
98219693 1494.760408182979
152323517 1497.5551195466026
56139178 1495.9383488402875
36430593 1507.965902344169
157459685 1501.0152963911985
96389106 1499.5602993490313
149060082 1510.3906939180845
412383080 1513.794000324378
140829273 1499.3736199123116
143321465 1496.9900156095136
170522176 1511.9433131741744
157632439 1496.5010639279221
155483487 1508.020668141506
306852992 1508.088483348152
60255727 1512.996828578234
142621626 1508.7278404115684
98080569 1500.7955922803944
140874133 1495.2996331575648
35490219 1493.8497664311972
154602258 1508.4793939292817
148934983 1507.9037406902871
238544148 1500.3307299830485
124939724 1508.3670452407086
218607252 1499.1529317045747
389617450 1500.7513424842816
52172612 1494.0235997502366
412456970 1494.2146862841273
285211610 1513.9997875625572
80272218 1498.9087128980611
141250353 1498.3823430839489
140465669 1499.7638780100363
122723851 1495.5323835534577
317581696 1510.4803751910151
350520293 1499.4896121679967
348363291 1508.160267348281
127409562 1512.7627506449685
175074365 1495.7933611254095
61906937 1494.5582720769025
389781476 1513.8140904601726
350182598 1508.0546413394213
437121823 1494.7214970520183
149612111 1494.8507709982723
101263754 1498.3511737505512
156469017 1512.8732174906638
425222472 1513.3302497337045
128809396 1500.1089801784697
123695932 1498.9888877171804
278779973 1495.8810061342563
107624296 1508.654727839091
346807098 1509.4052411662126
139929159 1510.458840616582
262694856 1497.4451079452322
278778694 1509.7419167562343
173084637 1499.4422713021427
172366339 1497.3466173878207
271272493 1509.0898297453393
148940290 1496.5846364248684
152941165 1498.7831535155753
174868335 1500.3026310320658
358666159 1499.9482752849494
279213509 1500.9749156597165
127406055 1499.9186371725743
60195723 1509.6772575145385
119332308 1511.5964535839225
219182940 1507.4756259283706
23812091 1498.1046189345807
142071514 1506.962280927958
419027249 1511.152189411964
231935016 1498.1358232812574
174956638 1498.4508420543905
835974116 1510.7388993667616
146704736 1495.1282410773588
125059868 1510.8881271190135
231399301 1507.9065163406021
109557753 1510.6079039992258
143736641 1510.766551477489
124875035 1496.2244289818643
130614328 1494.8623010533033
65059667 1497.9596102341532
149126338 1497.3963277672135
274230697 1509.7670021958404
455140299 1499.7153280532207
127132960 1498.3357204513104
150394147 1496.2808468145952
112472866 1508.7398900570436
80652581 1500.1264198665913
172231285 1496.434213633076
146254439 1512.1975720531605
168430357 1497.423042606854
349372631 1496.8719338176566
81285806 1496.4477490639154
146404061 1508.161092365069
145618981 1511.3355764943808
19074797 1514.0497445318895
289259896 1495.7563213851026
128575906 1511.9610505794763
62397138 1508.5433660822348
319151409 1496.7830008803924
131796937 1508.9101824109864
139163624 1510.0891612020303
65132904 1497.2425428367908
265011295 1494.1495397898568
280006116 1510.8793438000487
432208848 1495.0915008715972
98028267 1494.3211178142342
207331485 1500.689384023327
50757823 1500.1796786690559
187566106 1497.8602729253835
125259729 1507.9840038059076
98159850 1500.565900070734
81587091 1500.034758977134
155490117 1500.2338355098038
374829419 1497.635593046148
452849418 1509.4161185854318
94406767 1494.731080913547
178589057 1501.1295721202487
421130845 1498.8013951730707
66340804 1494.221364057261
38907400 1499.450200050368
80564254 1507.1203696895407
67860811 1498.6992731415448
175070092 1496.441551508057
340482415 1508.6736503671414
140874129 1500.4376784336032
348371391 1511.397257890932
153187833 1497.0065824140022
38825656 1494.88355130981
64608459 1508.6069535001388
65209720 1498.8398935713853
409378762 1506.9871813242387
255560869 1501.2080573541627
149500061 1508.6669845334077
262446594 1499.748352656744
150341775 1509.2156543295182
231424154 1513.6689053440937
48807375 1494.7518162940335
346879127 1497.9939891339009
134639347 1511.2408748278394
31778373 1495.0380995592332
268344976 1499.2224619720748
148886785 1495.7248813859014
151709748 1507.9845543584065
62077391 1513.4551124130937
255703852 1514.0381319872454
453143233 1507.2316158151048
145288985 1508.3751081372693
149403092 1508.4551854268434
61759425 1513.1578612019175
430420151 1496.5752077189445
267754458 1497.0703630911485
125719035 1507.358651096892
125194123 1508.9446850123709
157570151 1513.8787837095535
79434010 1500.2547980767988
65967591 1506.8630858571596
440829839 1513.9105436843104
53605080 1498.1258211604263
238164815 1507.5294200513729
156182433 1495.3434284096513
142050817 1507.245657023073
423245358 1512.3164918010916
125616744 1500.2827026380085
149628216 1506.8566966041321
318792309 1494.5338602488375
60195365 1512.581125616467
19970141 1509.7934518857664
18915039 1497.16527978513
766717088 1498.193011177797
53175612 1499.5212468647048
22596738 1510.6268561578695
320927781 1496.0870064290184
232015888 1497.3251310622952
145625296 1509.5068586112566
143662981 1510.224508084157
60323722 1513.6956614436983
143919686 1512.5486886751746
177515667 1513.8481119104292
170003762 1496.3516404704562
179113581 1495.4900167969959
51249521 1496.5971304663842
155220984 1513.086262001125
108651854 1498.617796129144
234400074 1510.4602746199382
264902564 1508.0861291136973
114114000 1497.715660367898
287272898 1512.673613161264
156943404 1513.9247653387913
150604556 1508.4399399068147
146039664 1514.0281131760576
340633813 1497.2990898040098
290718849 1498.7713126392462
123087952 1496.3127106465622
299841975 1508.2009354746788
64978605 1499.0955537057794
437141794 1495.5623136712213
309616407 1494.733769354643
766328212 1511.4287891109432
231964080 1507.5479083215741
349642949 1501.259776126446
51490622 1494.7411319740947
149200745 1497.1304117171899
292189506 1509.181419702086
88623739 1494.520481155457
65411458 1494.5139181869329
98081321 1511.0184556809004
79944959 1494.5168926989556
306540357 1496.2533262226975
306945745 1495.9329618711045
50646501 1508.2732563624525
80907487 1507.251591767281
79933869 1509.9453830870254
149075004 1494.1523963132677
128731957 1509.7550054938154
55963117 1498.8069255059547
178126998 1500.260994917855
423126568 1497.6981237299176
61582244 1496.6382996180907
126443692 1507.2600411390324
172257762 1498.0632336143722
48614921 1494.223524166924
62965892 1513.8636071271967
422028681 1496.1973705754538
129592392 1496.6376366465802
126688143 1495.3724579218465
294501534 1500.1846182983006
764898023 1499.2979153489925
157699496 1496.2258622822308
259164009 1498.1512331962301
260353364 1513.9140968050926
29990829 1496.873986665423
306945931 1494.8788208194849
156581646 1495.4167701863207
295512758 1494.204138778541
150324022 1493.8886204164226
187707632 1497.249775010348
271498571 1510.3617840168545
125638995 1506.9220625862367
65663375 1507.0475463689386
111644435 1496.8101891333872
141111494 1499.356402470035
52541962 1508.911595930452
153854072 1498.2613084986444
65193397 1500.7996869948945
128673116 1500.8012484182652
64360183 1507.2871085528118
267679296 1509.5890542236891
140527359 1500.6593388215217
264411147 1498.0308307331636
452930141 1508.6126716419342
129166379 1496.9468840228815
100210631 1507.4840288915907
156403732 1497.5955444060655
292284916 1509.5430206451422
231917578 1510.4936497309332
30275685 1501.0797430736905
458641214 1497.3866452254126
443961181 1499.5157309951821
127258874 1512.9220645769099
153268696 1494.5006627228934
295078005 1498.5266125616438
260003655 1500.9018740057677
452932416 1506.7307871985756
113106335 1494.1897454456812
19762441 1496.8731086100859
169911895 1500.0040229452366
126536588 1499.5396711374358
293321087 1507.7415991373268
146472653 1509.6175709245126
99682927 1514.0215726672523
231962210 1509.368678529249
125136051 1493.9497256893746
288475913 1507.3161851662005
142771834 1499.3224973317158
150890060 1509.937858731201
284345692 1498.9878174600049
268867977 1496.2358318296885
141865619 1497.7846756520105
148405782 1512.6987024377027
231074853 1508.763590807312
393271479 1497.636509521604
126870017 1495.9229045406234
440798725 1494.13360202639
51105770 1500.2549967304647
132174100 1499.9596836246533
142601665 1507.6018349509725
266901665 1507.6871654068016
101197202 1511.8323555872323
405218839 1499.2957655500918
272468765 1497.3457812872011
264746893 1510.2529808942195
150219080 1507.4465274808567
268463871 1496.0281651102616
35833859 1508.5379132189476
156918679 1508.0710406327307
409259105 1508.340134856284
127578519 1509.0942038399885
388182493 1498.2667749809104
56463795 1508.8632862216239
307296357 1497.7678576698781
231930291 1508.1003671762926
178741653 1513.3796927316278
334050191 1498.5603041597994
349426819 1501.1869935628035
80644211 1513.6625093793116
299833327 1513.9333175988656
32254719 1497.9118702120552
144475608 1508.4226598247344
366410280 1495.2115329057144
350479589 1494.2591832141763
264415169 1507.9955286910536
98072489 1511.7025441245019
52918396 1511.2339092262666
17595659 1508.5680473350524
173382231 1507.2409370253324
264753555 1508.4237069066428
143915468 1496.0208867977565
150081883 1494.4061257215099
170521434 1513.5611969000122
41533884 1496.430099089069
128055796 1498.5235539239698
97652504 1513.2283452515628
96980980 1511.8597009196355
440773447 1511.1335949126803
145398481 1496.7188043766043
238404115 1494.0516448630099
145906522 1509.0553053742979
148001014 1512.6665504191794
63306237 1497.656074148639
97705198 1495.1108427285205
344025566 1497.8149852841473
156836547 1509.3209960487452
14610043 1494.8220805833575
14448057 1496.308089401354
443905419 1511.7884759265594
170473732 1498.5070247696003
126275019 1495.1467684302581
412774278 1497.068565301888
48804757 1496.0156239870655
425277487 1507.1914589909136
281348756 1497.7505633849792
139574382 1508.3388698856008
133150932 1511.033268292985
458642083 1499.467029107086
300866395 1496.1025418862769
47515554 1513.1914384435474
423124780 1498.5616212921245
98485161 1497.0414264598278
51399183 1513.6407692331875
177438295 1494.4558452064116
349407963 1507.455445234622
80548776 1497.3785137757402
65213298 1511.6586278776572
131244933 1497.8487948645243
55745207 1498.6577384512918
154910539 1498.1956548841397
143598166 1508.0208095835244
64403226 1495.8782639681065
99690252 1507.7514921571044
53899493 1508.1313630575394
156932351 1497.242313695884
355356430 1501.102065338451
292652247 1513.8299905260117
307179189 1497.5795559307253
346993801 1513.3751620229489
123262431 1510.579104987548
167164456 1496.466260585316
349910181 1508.1841339563543
145276075 1513.5377993418972
391902169 1498.4220703412007
142769327 1497.9875433629848
238672934 1494.113722488587
266948025 1495.7730875950408
141786914 1507.344413282677
332080065 1494.312796436452
142533049 1508.7465343139468
267830544 1513.9675298334535
50928041 1495.8301181740048
172925367 1500.061934767403
341796695 1496.4313345798075
347003062 1498.3456536010217
177859045 1508.380424670281
126037832 1498.2439631326656
31928166 1508.6875614775806
141835966 1499.2469975384454
238078633 1510.1371371479647
280621177 1511.075899572149
146901801 1496.4472533875726
122910943 1497.531436333057
350934728 1510.5367723432394
382044694 1512.7809116895173
94234984 1500.9955813390006
80032381 1507.121559404268
264575845 1511.9979215124715
262754388 1496.680372224562
456871207 1496.5359082462933
94409364 1494.4301149688652
178585839 1513.940552013613
146027981 1496.3387857822497
35582674 1498.8592983941815
149403471 1494.9890355380157
220591105 1496.8337868759318
278474949 1512.1296241013692
834410391 1512.1177904981544
157625863 1495.742936408757
169771786 1510.2490184026728
107348060 1512.1390373771242
385663842 1498.8550563138522
373914527 1509.9729394556987
142411705 1497.982144369932
64839010 1507.7396751496753
56473302 1512.6803200315303
97350205 1495.0100482976861
157566889 1500.8280411099356
80024900 1508.0544385226663
147702756 1497.321098559622
129163033 1500.2593909988796
153263676 1507.8102960439394
23091491 1513.5627066296936
333813860 1512.3374537048828
745754191 1507.7006954815895
143726731 1513.404769163148
59652382 1508.6648760854982
38954504 1511.2791276082994
452874372 1507.884826354655
348656284 1497.7339312873366
431914082 1497.05486421898
177617767 1513.3332309421148
426056635 1508.7420667591205
349202732 1500.8014155951307
80643112 1495.4237805308048
30853945 1494.4206739153562
279160467 1499.0323734987433
341798779 1500.393732724771
131034520 1513.6026659078245
151155355 1509.1196155279313
132539710 1500.953316173862
175384498 1507.8963050276907
157209568 1498.274717681318
238163675 1511.346584105761
36205925 1496.6963503243119
350860886 1512.4121292763382
23357230 1499.1494025619666
156761448 1512.7676505507197
170225412 1508.3315323638462
178664626 1513.8974008027121
64690678 1497.3731623401445
174970238 1510.9155764086486
142911865 1494.6407527398414
452972947 1493.8139836313267
149676342 1494.215155395379
341186493 1512.667814546187
268370198 1498.2183510016778
238447429 1494.767703840994
54395209 1495.2275583571286
25153483 1500.6635420421826
143494034 1500.0412623334173
382042334 1508.8239296125212
318048362 1494.2775345373611
269190116 1512.6467896266122
148508436 1494.993015127855
765370219 1495.7110607456088
153432922 1513.5399893590888
140827732 1498.1911564280376
309701792 1494.8632636330628
134822369 1510.811892997536
174602326 1508.8892376441208
142185552 1511.6131452736895
50903547 1512.6954491784388
173257385 1506.926038847013
346807973 1500.7434821387585
468916257 1510.6923488717916
119331511 1495.3743331048443
114548350 1509.471846728264
177037742 1512.1506831558313
151574524 1509.4311069372695
156886569 1496.7199119582779
145024777 1512.646859179267
349927644 1508.8016707602096
128808518 1509.112239896089
29787158 1509.3500559979968
139515183 1510.6566831408531
264756488 1508.1734814358429
409195555 1499.046118122256
259064058 1499.2476894321946
364396489 1509.7648429349267
148659180 1495.1041430049786
32249317 1499.3933657868315
278990549 1507.2576855403152
99421293 1497.9711227740281
218797525 1507.93940517253
147700527 1497.9498304985048
508057302 1511.727287208328
22642973 1510.2083913351191
237396328 1512.5460279765266
32091170 1508.0405108760833
122981471 1495.535801558379
350027605 1513.0939665646401
177450316 1494.4738693610586
285153418 1506.9343720370553
50571283 1493.998203909525
262752804 1500.6636091173907
99831803 1513.719539349144
60135255 1497.364132915195
112322458 1493.9382243155128
289111021 1496.9319509106078
125904412 1500.9428677359413
153660263 1509.1700845683222
141214653 1494.5748891702463
262695888 1509.8992837261114
146120784 1509.0508581581219
341731579 1497.51060258696
148991591 1494.6814419981354
234402587 1498.6575668521264
369518928 1512.3912404034043
458648452 1507.3667135502196
187859446 1494.9516295078186
32008589 1493.9198713201042
100117623 1495.3493690057871
247052486 1498.619756878583
155491921 1501.151699645553
458611368 1510.044756685465
52455325 1499.7638756498045
19065623 1507.9269039064875
110610147 1496.1645949110095
80287095 1497.3880757357797
175006488 1500.025315809669
150792036 1509.3432249818354
293312054 1495.9648312413224
269258555 1513.2484496004313
421150610 1513.026309573121
178548490 1496.8481520372393
170412921 1494.4290064967731
129877699 1506.7798571449957
167248904 1496.2958234315927
65662593 1494.3781970286125
177413951 1507.5131957817207
418968431 1494.3525774680463
410898668 1496.8286232144512
340000762 1497.683047917511
96797679 1500.0757107573265
142370761 1510.695368044088
300445801 1500.998372885974
382575581 1513.227666341351
130094105 1508.2674739056035
350332009 1511.2364694761334
291633750 1494.718726364462
270447613 1496.3739803098406
154751434 1495.727710249486
393451742 1511.2487848208923
172411135 1511.4031398512234
231932708 1497.1910809032129
123949173 1498.002531667939
421908216 1507.0799848675997
269977010 1494.5880508600876
99153109 1499.3312895819774
107159113 1499.7120571371076
36332790 1496.1711836881643
149682621 1498.8043893800836
295283109 1498.2896466120173
260242161 1510.7085498334995
140880644 1500.5498895723324
129512730 1513.3137456698119
121238148 1513.4796270077704
268565218 1496.9641457239102
100477707 1495.5931682162145
358088437 1494.5270808307648
306654046 1497.945239219336
154833175 1500.1127986857223
149203381 1498.62389499943
182314458 1495.3570845736567
113744287 1501.0232925845607
437183175 1510.7506554658614
130103011 1499.4359602109744
405217431 1497.459283289056
259353797 1507.8409192868048
262598957 1509.0729316495006
175525381 1498.2793982155276
319015331 1507.8509629697937
133097808 1510.9687924837733
148403346 1497.1989253999543
81545482 1507.002091159131
149746247 1497.8930053282868
73099587 1494.3126017017378
123949314 1506.7565792115051
30536223 1496.9214616846227
114401514 1497.3344918747387
431973364 1507.8626972328784
452879515 1499.372082216955
348895219 1510.0698590665684
50892389 1510.148830501698
257301864 1511.2725323267946
455139979 1500.0752673364823
142610030 1497.6520138976496
25870518 1507.968059869377
125793977 1499.5942215569946
124641035 1494.8832511138012
267976406 1510.4369977097404
279358098 1509.1408393044626
380033125 1508.2228105676336
64063376 1508.700240319369
170162664 1511.7615294747475
255686746 1513.0021186480212
152403600 1494.7195657514126
294328664 1508.9344138369345
148661565 1510.66296018551
144480016 1507.0152500376182
292356894 1510.462503648795
14495770 1497.2970776642917
36561757 1493.9301794026487
32071058 1510.6969740092911
348298435 1497.7295040292768
55491327 1499.5147750187257
409269833 1493.972222568908
59856629 1494.8424419870391
61838512 1496.9565624628628
147804051 1509.3420415119092
319180216 1495.480266717248
177161332 1500.708780765432
170378947 1510.8331377793215
178000300 1513.4917420321617
344081747 1511.9219564787231
443862185 1497.6849318308869
129916883 1496.2936145587896
145170995 1512.9857414535284
284743566 1500.373580473987
272546311 1494.141743633499
219184502 1495.9351962359374
153651127 1507.9167420487174
237396051 1508.9183310572755
176087403 1498.9367434411954
156402808 1512.4527482037709
146983107 1507.347159533448
125053206 1499.0681791906925
149517936 1510.256450246341
355450893 1513.2690615821973
143536902 1500.3810300840862
140869858 1508.797176961731
269976320 1509.7865155636796
62073777 1496.7900401222225
33291658 1494.2374230425692
178135056 1510.8852472274948
53979315 1510.588627185361
261399213 1500.2439632144565
296485794 1499.5738933512525
410451176 1494.7946452286546
80043669 1509.6470199856612
88631098 1494.7707213881758
113928570 1509.8640824407014
25999014 1497.63876351387
289114789 1509.2277417240314
319469558 1509.5310066768936
650390193 1496.8943138098227
49307596 1513.869231391334
267839806 1510.9050947187097
117771685 1496.5241545203412
176931394 1499.570988446742
147710063 1497.6060990572446
321078346 1508.1589892782358
145175953 1507.2353394958573
123756610 1494.3594499176038
167169952 1511.8608315962258
295615937 1496.6716950572743
79696819 1500.9997205443635
131112510 1507.006528298433
350026452 1513.779511400415
132623860 1510.7637279784697
415222513 1508.7652939241295
169168765 1500.1262093082273
437152185 1494.3921474377012
255759162 1513.5226912728565
172364807 1507.2922354875216
155211500 1507.1011969393471
430419269 1513.3474334654645
341623030 1508.572750851345
96981947 1498.342365624051
423245809 1497.3659538106658
318657470 1510.5497030036647
148346037 1496.1022445804283
260655896 1507.9411118262167
78821562 1513.9481415459475
321147549 1510.023211669856
144410965 1497.1117616885822
453210801 1513.232999570547
291555244 1508.451105937982
40183731 1494.4053498604103
139569746 1507.7986629649786
268764759 1495.4790892748592
177760336 1494.0801060510692
307299265 1494.8241152353398
409197003 1508.8400832791096
139707616 1500.2476535884005
175078871 1493.8218675002684
130447844 1508.1776781790627
269342137 1495.4870090715601
151071158 1510.5909178708705
80646808 1507.1275267438557
80404313 1500.650579058983
234403134 1509.5026478168922
100473950 1497.3973166143976
468959778 1507.0211694025788
55862264 1497.2678115112355
157452007 1498.286493945488
173254152 1498.898401696573
14563681 1511.3734800767895
172527020 1507.1027958463947
16379140 1495.3284138181837
128816967 1493.9618009057824
41591268 1495.4261693818034
150341704 1513.7576593465349
153437895 1509.33948475105
41034507 1494.65808658109
431852915 1501.0193718561698
156529917 1494.0688568092057
146837079 1509.411299960523
133694502 1498.9450847925546
143370364 1494.182620996775
140017513 1512.8660552478843
292707710 1499.2491481227928
48641684 1500.256221953488
98886802 1500.7480054653195
396735616 1498.5905383032007
264924196 1511.0487692249492
65587478 1497.8191265654011
97587250 1509.744488260983
306630964 1507.5366733100375
231340443 1500.0135511067783
81044988 1507.4708527967236
262608604 1500.3158129940814
437135165 1493.8867888711907
170464322 1512.0526750659442
178442430 1511.8127977651513
147805872 1498.7529060930144
63360850 1508.0494347650556
170206754 1509.0492058340203
319275917 1498.6405506328251
97358740 1499.8987569633343
69367035 1497.0823760730361
458649252 1513.667616372226
113843631 1498.680538319453
123108553 1509.2052275973774
238895417 1499.4410258143857
19569496 1513.4102397239453
168937627 1499.3323798193742
299843499 1513.4328871724229
35839237 1497.073209494598
150282329 1513.283338370304
375149263 1507.2383133467017
271596017 1497.3290853811043
113293588 1500.2964975941898
151773159 1507.5641381231915
148665132 1497.7411819366703
382147946 1510.1117925845867
65879772 1499.707704892917
19564820 1497.6683426943362
31006470 1495.9515367856984
178325648 1510.510153368769
409270536 1494.3586240338695
412674636 1497.0668343737427
141598771 1499.9892905309352
318415303 1498.3993419786725
130373585 1497.923357840886
114111236 1509.5863156838664
150224072 1501.1303446704874
65293830 1495.4226006800627
168263124 1497.817852498131
96313502 1500.3038992869706
174795210 1497.745089893374
271269626 1507.637836147994
358665370 1511.1247916485838
156049300 1506.887771805064
262416450 1496.4136970954244
349787096 1510.0898108359222
346882974 1511.653412301021
141010407 1496.3759783504117
255703734 1495.829702361357
52319986 1499.8177271099298
155813518 1510.7930431254672
142667130 1494.8239216442312
88749865 1499.2146129397065
455205978 1500.824976979475
173958315 1513.999336626623
264603033 1497.834397766689
50206667 1497.4809075494657
319015465 1496.2901385790963
382506152 1499.9871234479717
375036247 1499.1780927639331
52168742 1509.259425489019
748598323 1494.9031738065337
97500805 1500.8895437870015
122863669 1494.2877211744903
63362207 1508.9574505023018
19902803 1496.4530411481628
173042363 1512.5125406756576
177719616 1506.948608201005
306735193 1501.209316734922
264473112 1511.3275974554572
318418217 1495.6566931810157
259163062 1508.7334387137025
50483967 1508.6224811350744
157010956 1513.0853547731956
237970330 1495.9318488162958
111958005 1495.629839324556
382507519 1497.2774570268816
260473900 1494.5820237468802
61681710 1498.0645079450019
452904387 1510.549417878862
290155891 1507.9558453847897
23307344 1510.0275887556732
267535551 1509.8502410492179
143267227 1495.8432416340634
167657811 1500.2446922821764
443849380 1513.7461232110259
108843694 1507.2468273093548
93761114 1498.3226713379083
430425107 1499.618319361833
79693042 1498.500153384113
50112045 1494.732493067752
174468654 1510.7929615896119
156760118 1510.685161402459
31602043 1494.1612595244621
107782953 1511.0631446642299
231076502 1513.4622624861313
142548306 1495.5609219329533
425276857 1498.872467991605
318396968 1513.706618865296
50643257 1495.8578164251287
412347380 1494.7232843042796
260473536 1499.6707213275317
238155362 1495.9105601810907
187849457 1499.5457376116565
62148473 1510.001352209733
393480125 1508.509283923824
131037793 1513.2004954559384
99083060 1496.556849320082
274228601 1511.3051610459172
141719694 1508.0323255602034
220460031 1508.405442223017
35479365 1508.3778180466988
341186186 1510.2126582747662
147378221 1498.304290520538
172308062 1512.2657299478399
238561220 1508.4619790102643
127799759 1500.835257761588
437080686 1497.4922187785626
344086993 1495.0480793810013
147121307 1494.018876607626
88916212 1511.6644270340485
169906280 1498.545548552331
140275497 1513.351501653683
264317579 1501.0103290996608
55676469 1495.3771450580018
178370383 1508.4364368557547
468933558 1510.5950216245608
177748013 1511.0814761456256
291462992 1494.9538879160814
157206588 1499.9169258270133
80404366 1496.1118086224978
430424621 1513.806723199773
97701519 1499.2494076163491
144416532 1496.5631083816243
167006298 1511.9581177935052
110898350 1497.0024543920663
94235785 1493.9784932824584
299732260 1495.9253405529169
284233121 1497.3195294195275
458657223 1496.2816764944887
65976007 1497.3105588339843
64142981 1498.142247707757
33368526 1497.5152871534915
130471111 1507.5474742572226
333718797 1509.2841373223941
51930033 1509.0021419465602
318906632 1507.0027667191941
144051476 1512.8527630841472
178591766 1508.928749464675
131112057 1507.8066921435077
80028608 1499.809751626584
445388812 1512.6545769016334
142292070 1496.788885502007
110118145 1513.6626998775987
109055111 1511.796146928573
231916733 1499.9018934235926
153436239 1508.1506167828975
366576548 1497.131076068582
177066613 1510.805394456148
292707007 1510.2353725917162
455184860 1512.701953803086
295404224 1493.9199330939582
144871743 1509.8272531630546
147971855 1507.3258897872138
278383998 1498.549944994585
98542504 1511.046340368209
274139674 1508.2559920477772
422063267 1494.80540087636
269568258 1495.9029427404766
123377398 1499.131917922799
63352333 1508.9541288199403
284230761 1500.2783451619716
20486615 1508.0335024287951
262595278 1494.0012379378513
31773092 1495.3683410446179
218530951 1498.9926126065016
182423183 1497.4269270818854
300144472 1511.3372854692748
65043902 1508.9444436134397
220395252 1510.9915730492926
101212683 1508.4482588811354
150391649 1513.6528254140005
126210389 1499.5908189930756
131750798 1495.1769527689426
341627951 1494.905993145574
370041453 1500.4720595837766
231953414 1499.745281090376
65674053 1497.9502156239516
174318761 1513.6759217986703
443859510 1495.5956740763238
238616909 1499.990550990513
131248354 1494.7566389244244
141424065 1500.9509227134447
130618602 1496.769483609119
271797347 1500.710709295836
431851718 1513.4267377816498
219170564 1509.9933701623452
128063371 1512.1385671682401
172736645 1509.4118977313315
80536396 1496.718230154313
143260248 1501.191802240313
50899470 1510.5550862909975
56285926 1501.0355534761275
52221480 1498.3860669154428
63430767 1508.0134005151372
169911180 1513.1287283528752
81709922 1500.9056885038406
319475285 1512.0984984427275
234417413 1498.674915597583
437225795 1512.2373260357056
66309285 1499.9063506149107
60382341 1507.2818064360551
277099941 1499.6965572374784
358544216 1495.6778503614273
320337988 1497.7304486693142
68144451 1511.6882903851717
284019689 1497.14314859149
235053243 1498.392753516193
113552356 1495.3690863122577
178116469 1495.837133706439
453186521 1509.3071613767195
147367210 1493.887971982625
375056177 1509.9967474182413
167419963 1497.114696629128
143847525 1508.7699248346917
364398871 1509.779394492367
143391907 1497.8163990043836
734707570 1511.9956131478089
98802146 1500.156959642122
139707511 1493.7935873166248
268371811 1497.8753693607075
168981836 1511.05205366578
112600575 1500.3280877096945
231343847 1499.1754701627701
66503178 1497.7885539007548
341107927 1500.8710821710124
145337344 1493.8543058378586
142917431 1513.5997955692665
79802036 1497.0125935065232
157341985 1513.2867198466927
88970961 1510.1627123978717
108579047 1508.2823298244364
32296829 1513.950203465551
48811827 1497.0502776604537
25990942 1496.8344732595078
149079059 1494.820271724536
817288355 1494.393870140378
339633388 1508.378793293144
53986388 1494.6267672425886
280620636 1499.812360532909
31845942 1495.9104768210586
124854318 1497.5318409917336
65671553 1513.9034192929548
334255561 1501.13149137219
349479854 1509.9975366757008
124878182 1493.6619070792149
79873582 1512.8764138783997
157525132 1498.4142625408535
284341616 1499.721444690566
456786702 1508.567038716137
55759651 1500.5540025936955
180973764 1494.0141124765519
80918429 1507.4883821876588
405043798 1498.6291194581468
128465028 1513.4753971855077
177349168 1500.4663056677878
130877383 1511.1936101935653
824972507 1499.4001163475261
146886550 1508.3009244537864
150963653 1494.841984846988
268304062 1500.027189158901
155483974 1513.4628122685015
154460868 1500.920657647212
437146218 1510.7102384331768
409881835 1507.709010715206
234392295 1495.7687713298915
122801270 1510.3196290285025
306945047 1494.6594417061171
53601894 1507.840948274211
79428017 1508.0265044026503
130270430 1509.8992728982305
412844899 1499.6935675726254
32036647 1494.401775919092
409319835 1498.1702060628475
81226347 1495.571623980812
126033703 1494.156543146963
65654509 1509.6426336020486
348241795 1510.1995687491092
176309939 1512.051522015385
132529464 1507.3181344611971
89002120 1494.0493059221915
130956730 1508.019507285506
127811346 1500.58398978211
141646267 1495.9194412057302
165209844 1512.8567720719554
156849071 1512.3367447486203
291461687 1493.7440181111888
123034259 1511.5229928088618
151580287 1509.9360570028832
140174451 1500.6244202763328
123148187 1495.4840140849908
114555052 1512.3898463072499
148664884 1511.7408322332976
151425940 1501.1455968370108
52919458 1499.433773272965
55770744 1498.801152782157
300324587 1494.7262645823478
169105064 1499.7790678654894
409196132 1497.6338542730493
51834571 1500.4787385459636
512710509 1494.4939879759827
405115869 1508.3530207453548
121289233 1510.2120193251012
172840198 1494.4939352010947
63897356 1507.4111615086822
123880771 1507.7555656280501
348374262 1497.7777375145793
62968466 1512.2694835454517
88860778 1495.454824807086
111955047 1499.53653833383
393158943 1499.8468086466926
63424562 1513.972750201578
279087120 1511.5613873794982
32303971 1499.009055333915
264901073 1499.9566941026494
148243069 1507.5437340235121
178731822 1512.3461599843822
177270893 1494.1734309064364
767109409 1512.7792403389637
129996660 1513.27651695707
317954604 1513.8564971845958
73346743 1511.9337353288324
262541597 1513.0949160171324
293689266 1509.9511768084978
346804272 1493.9728489016275
96853241 1507.9051703851444
379926621 1507.8771903673048
219162719 1511.9959584618064
63577089 1494.5114195944718
52541916 1494.3890913642401
234380909 1513.3123708174649
109981695 1500.432561836128
107091234 1494.7156615206914
170161400 1499.8124315481084
49842487 1493.865590561696
187660291 1494.9158720916832
156987876 1508.08975952282
65799885 1497.6963305378322
81412501 1511.8787394220387
231485375 1508.5104581053286
178002136 1499.2577640375075
68204795 1499.405490757077
32073404 1509.577842890013
80803104 1510.0453914931861
95596354 1497.1611389783059
19694102 1511.3390291777125
50573146 1508.2681235175464
128736454 1497.4285610071481
56472717 1511.4509053974177
66240318 1498.5187677636375
33089194 1500.3185002758062
81406972 1506.983615129399
144623419 1510.3437157792534
349923127 1499.1485010305014
331915612 1508.291899785349
382517547 1494.9337703469475
296351840 1494.7712270931497
122979406 1496.364306223007
307383253 1496.326897346412
318655863 1496.7290113510342
19946279 1508.1698336285497
331923268 1500.3383681586433
280679251 1510.2558940340368
300288572 1498.278060097969
80544750 1508.588674340558
264688886 1513.9698019407151
145165473 1497.8027249013396
49305876 1513.4623410557865
333812977 1513.964634966597
53398846 1511.1558760398373
143443226 1509.1276429208463
415233942 1511.9714297987755
320537025 1506.8125252723835
382031535 1496.8073229966026
131986926 1500.3443120623854
170463828 1497.945381836653
65068344 1497.2307211150157
264090028 1510.2136144639803
124331526 1499.232297508305
267606220 1510.7959806993408
132086307 1511.4000517282748
96797253 1513.4369340318947
468939817 1500.1044912705333
363912978 1509.7754997785012
320917833 1513.3040262545783
131986115 1496.0471842297954
36470947 1494.7143742888775
112663126 1500.0089045907325
318043846 1513.845213159953
452902825 1509.0018022358136
408815597 1497.7473908187287
143831619 1508.5714344010871
334481679 1507.1427046507379
55604182 1507.3477987007684
370011483 1512.995640947625
293139025 1512.0093305681955
110194463 1498.9736444925143
179304908 1508.8575034388543
340252324 1500.491768553866
153192624 1509.3350657300482
80478729 1510.4914803771308
306740926 1500.675183981029
148476318 1512.8586171804986
268916559 1499.715930349307
271268697 1510.624131449058
146554464 1510.3716278219802
173324083 1499.1200488662062
468987314 1513.6291195464353
382527026 1512.1349784707204
431995301 1514.0402514167968
173821864 1497.439873033365
453207592 1499.1907351146708
346797965 1507.412437928201
176248538 1511.1954190137403
99157401 1497.878634796838
108837326 1509.7457265789083
97648289 1494.6319822342716
65969927 1509.7160402437448
318664867 1499.1836074067733
268431105 1495.6982787951838
155802490 1508.5403304892382
69366005 1498.30600082383
50568382 1494.3232908421985
80715538 1497.6514580561006
279427079 1495.748613816399
52001523 1511.6267918934254
20537128 1512.4034833792864
382027945 1494.7907350826408
139927404 1508.1533533782244
149965118 1513.9095218075797
64692394 1499.9526808250923
127740781 1510.8910116254256
318279315 1507.5471025661193
177897991 1496.6143559106165
123213210 1509.4849888140125
143914592 1498.346785738825
141519261 1494.0098147631581
155445762 1507.2769702100973
142404805 1494.924390548259
177131160 1508.7868644042105
280536503 1496.8822783555759
125586680 1498.548157304417
95599832 1494.3308830596593
823589451 1499.1758133313936
260608080 1507.6118823973623
97792138 1498.3296700275632
125137110 1500.8654370936656
264595904 1496.17952561457
278053251 1500.3118783933596
93687798 1498.693278536555
95248167 1496.1969907437403
81708668 1500.7419591986666
262599903 1508.1618757252945
23544039 1511.362474271452
318219432 1497.38404834622
53463078 1497.096613211607
169605267 1494.019225719383
300809841 1497.600738490523
152326842 1496.469262356068
425085611 1494.2920184208815
409201423 1496.598295115964
121235891 1495.3242892767594
177646269 1496.3891930422003
453123128 1509.0297783334543
128050157 1494.6429073449594
35294734 1497.9591598098352
332383902 1495.62546022741
150665717 1498.55963417914
23802800 1500.3692628397735
247087074 1495.1370815939918
300871475 1497.1799105077894
262439124 1494.0184615211244
128057779 1499.588664751332
110908848 1498.1644646813072
349273438 1508.2781100129646
128330834 1495.2519260799747
318344303 1494.9709351473657
153517899 1509.0803303154673
140105090 1500.4090073613995
127321224 1495.056378933264
238927966 1510.532811305331
231817490 1500.9485868566128
93683493 1496.9654784324814
319276957 1494.3153756573286
80722109 1493.908888861539
344082808 1500.2480701065863
97351007 1499.3461831308691
38681457 1510.8000271818296
56382470 1510.1165576204367
96659473 1512.2000663284323
47514436 1495.7532593688536
130532334 1511.8695572713823
772020342 1496.304774670284
187596092 1495.934978431786
175391030 1498.9832948441758
157130009 1494.9339190907265
133152905 1508.031364043062
17595488 1496.3704473364191
746125631 1507.9790487638898
140614944 1499.0223027566808
355276287 1513.8875951494063
319089149 1495.738275490911
173637505 1500.101499529007
121317032 1494.260471232016
125245283 1495.8536751222136
146416867 1510.510234705527
169965929 1511.8237159541989
128394851 1499.3777595660613
150022748 1498.5923917478906
153512532 1508.6121515177433
48521530 1497.0299657390822
60553461 1493.934833713921
292180247 1510.6631861209976
333937756 1508.2574047588791
154000295 1507.1655980867097
128330591 1511.7054749961212
101266982 1496.7018306729706
79550836 1500.1071891907104
99352098 1497.2579504556625
155653576 1496.1213265417077
218530994 1500.0262306379282
280173177 1510.6169023226753
379952386 1494.7303573362888
348477795 1495.139740018043
279943055 1509.9683255102693
267894349 1507.3353210328705
272358852 1496.4297055958368
80989857 1507.5591341807826
169714725 1500.9648225211718
64260508 1496.1175859455082
125125753 1499.091380255661
318661526 1495.989560634582
393387509 1495.9522917050565
144359405 1494.797197504879
452849823 1496.6184933021254
78375068 1494.5334561306026
418971265 1506.731333818046
318933602 1511.8585767035306
172931832 1511.2763414008052
51929716 1500.1794901436708
307767243 1495.20265417307
295616364 1497.7345764114955
388018954 1501.2141247311474
145022923 1495.2488296337247
79630144 1498.8760522875239
107252755 1510.4824495062671
31870234 1501.097473328878
157525263 1512.528970423033
150606540 1499.6313615534116
97189991 1495.630465985724
131251114 1509.2564464810887
94772916 1512.2643127540794
112106759 1494.2727605783477
54135787 1500.7534237535185
65132927 1508.7139211396075
178254714 1499.146428591051
280177225 1494.7080608889257
61680249 1495.6958653076897
349906467 1496.9534157555638
307708727 1496.9376675004007
129793720 1498.080750955378
172698034 1509.4628337982683
409537094 1509.0730290394536
143789981 1507.771780956198
182172307 1497.022537642857
80917082 1498.6477752617436
97500876 1509.9142583214912
98978393 1510.4659197984006
348906620 1496.207056112724
155651678 1509.926262588215
412382379 1497.7143176896273
432000567 1500.4789034864198
455109085 1513.8431369613522
180946052 1513.5626053908095
50996005 1511.7339153260461
64729363 1496.6628439387248
334456027 1509.860828649859
170307240 1500.23476209586
153198310 1496.9385432175482
404768239 1513.1899718323377
131953518 1512.7316055523822
332000658 1498.1880183414976
277103218 1512.389559469526
268986425 1495.8672785178917
412773777 1498.4392419300843
422066301 1509.3543632979015
127740569 1496.6732282244084
55770672 1499.3721914298253
38602305 1512.1778955705015
111236267 1507.5762748869145
113737062 1511.1325136938988
98880024 1499.177453932105
453001742 1509.569549043271
150247678 1511.9690321330777
218994799 1495.4384022374552
445457385 1509.3943736166473
60194477 1507.0888627486045
295392685 1499.2562123294933
143900058 1509.0861669443161
279246807 1508.2201940510279
172232223 1510.9741459691913
80639231 1500.8352851853192
113829439 1509.3437311376113
443965000 1496.8748045289578
179637828 1497.7338176434678
285150777 1508.883414366508
207278693 1496.196868708263
106753965 1508.9952194745806
348906538 1511.08515610182
110232751 1507.817024738164
144477464 1496.7512621212056
31774559 1509.2003572754722
132236879 1494.1226005965902
238915731 1511.3275173473328
393298428 1511.7782097922045
172742806 1500.8959654345226
373774199 1513.6393614004373
270673129 1495.9312633074228
80988252 1498.204532450971
350842412 1513.3087244773426
268184214 1511.2513008836981
124025612 1494.2450699211133
140949544 1497.2828798933176
50106987 1497.8846619814938
409129074 1496.8362638921867
142532908 1499.0333191649165
114479441 1510.638281915462
453206040 1495.9047117233756
168431531 1511.121173555427
143579613 1513.9894669098437
97497294 1511.4102233276342
260192429 1495.022779331354
234484864 1513.1672733195894
49923456 1507.0361464629993
292278139 1511.2501525690009
177964433 1494.634426983256
292707406 1510.1069930892422
66054270 1494.5701552428966
36198440 1496.6929423683252
48324449 1499.3436428889866
78952187 1499.5496712777071
38683240 1509.2407852640445
52686897 1510.4321796550778
425173936 1507.784204102899
385651979 1496.9472036774423
349518322 1494.9496573022402
148227355 1512.523876596964
50030518 1508.2104419640625
389372547 1508.7118396775613
150290617 1496.0962156065348
320924384 1497.8941614292107
178633411 1508.4071068123963
142670987 1494.3298052117848
260848905 1507.700547628724
64726325 1500.1344324018874
267834418 1497.3802251193438
148747785 1509.9038444464186
260372053 1500.8248763919535
140540121 1513.5648195552683
177923510 1497.7314657151837
150137399 1499.7705839817183
170313845 1500.2185776760227
295623291 1497.5561852075043
147120356 1494.184044509365
130338027 1493.882895553557
153192460 1512.2148972797127
440856010 1498.107403502323
407663831 1500.801710048598
112667564 1500.076284062765
134742105 1494.9760637314137
280435710 1495.5453198479745
106624463 1501.2217833387335
234412006 1497.7912386323965
349204421 1496.6182979959478
49923561 1508.4817511336712
167550112 1500.1413639650928
156259654 1513.5737384136803
48606248 1512.0495564090318
98166622 1495.1379871177683
266902384 1511.2132435384676
220580567 1510.3402531595902
121236083 1494.4278633348592
173822298 1513.599894979821
23303976 1513.4935294706124
124011836 1495.3024485632423
17819265 1499.829186086231
271495490 1498.9912504362107
178157516 1496.3675373623923
53067870 1495.3744950756313
65466812 1499.2647257065953
238022843 1510.6999918299666
